(-39, -23), (83, 76), (-61, 37)
(96, -89), (40, -45), (67, 53), (-68, 43)
(67, 28), (56, 28), (45, -44), (18, 9), (-26, -24), (66, 11)
(-59, 99), (-92, 34), (14, -52), (-79, -31)
(-97, 45), (21, 1), (-100, 53), (-92, 6), (66, -55)
(-85, 54), (62, -5), (-80, -43), (-95, 59)
(1, 63), (70, 45), (48, 69), (40, -54)
(-62, 84), (21, -45), (-36, 25)
(-94, -57), (-45, 64), (0, 68)
(21, -59), (-68, -13), (-63, 12), (13, -43), (-57, -38)
(-100, -60), (74, 76), (53, -69), (-88, 61), (-26, 27), (-40, 47), (59, -11)
(-16, -86), (-87, 49), (94, 73)
(-47, -51), (3, 16), (-19, 3), (33, 18), (80, 41), (-41, -41)
(-16, -64), (-70, -11), (-76, 51), (39, -6)
(-40, -6), (-28, 97), (-100, -72), (-1, -57), (-7, -33), (-78, -34), (87, 24)
(-63, 49), (9, -72), (55, 46), (19, -12)
(-76, 52), (-53, 84), (23, 24), (-58, -66), (-61, -30)
(-91, -57), (-17, 2), (5, -82), (37, -53), (91, -64), (97, -3), (11, 57)
(-25, -58), (11, 38), (-65, 40), (-94, 71)
(-52, 80), (15, 19), (68, -75), (88, -73), (16, 35), (-37, 93), (-35, -93)
(37, -91), (-29, -4), (-36, -73), (-45, 35), (-73, -29), (-52, -100)
(0, -66), (-52, -98), (-29, 10), (-47, 24), (3, -83), (-22, 66)
(70, 80), (76, -7), (-41, -90), (-66, 88)
(-74, -31), (10, 7), (46, 93)
(-13, -52), (20, -76), (-35, 26), (-19, -14)